40 
0.819348 
0.321670 
0.934230 
0.173522 
0.613438 
0.619168 
0.309931 
0.219939 
0.384778 
0.760370 
0.561265 
0.265901 
0.672386 
0.359333 
0.373623 
0.498872 
0.930505 
0.777122 
0.394237 
0.108879 
0.628859 
0.094694 
0.793255 
0.347682 
0.385062 
0.472760 
0.692057 
0.332274 
0.492670 
0.824956 
0.535133 
0.312019 
0.146625 
0.469362 
0.485541 
0.760063 
0.088530 
0.795473 
0.980002 
0.473308 
60 
0.089348 
0.066028 
0.382735 
-0.434835 
0.640961 
-0.619468 
0.363361 
0.529769 
0.623928 
-0.605860 
0.703975 
0.030103 
-0.454350 
0.373184 
0.586394 
0.161749 
-0.470401 
0.093686 
0.693387 
0.317872 
-0.186385 
-0.050401 
-0.782898 
0.048215 
0.700579 
-0.006033 
-0.335683 
-0.757773 
-0.333276 
-0.367680 
-0.000479 
0.556072 
0.498348 
-0.417744 
-0.678763 
0.339309 
-0.237212 
0.484597 
0.069078 
-0.413284 
0.678737 
-0.026947 
0.416819 
-0.575613 
-0.453763 
0.203213 
0.386136 
-0.124164 
-0.503101 
0.279523 
-0.606292 
0.110515 
-0.570878 
-0.589191 
-0.641270 
-0.670299 
0.204777 
-0.176954 
-0.628072 
0.671500 
